1.117255911231040955e-02 0.000000000000000000e+00 0.000000000000000000e+00 1.152154244482517242e-02 0.000000000000000000e+00 3.237126395106315613e-03 7.241610437631607056e-04 1.999652758240699768e-02
3.367699682712554932e-04 6.437785923480987549e-03 0.000000000000000000e+00 0.000000000000000000e+00 0.000000000000000000e+00 9.596010204404592514e-04 0.000000000000000000e+00 2.359078731387853622e-03
0.000000000000000000e+00 5.274303257465362549e-03 0.000000000000000000e+00 4.251470789313316345e-03 0.000000000000000000e+00 0.000000000000000000e+00 0.000000000000000000e+00 0.000000000000000000e+00
7.274906150996685028e-03 6.714764982461929321e-03 0.000000000000000000e+00 2.303124219179153442e-02 0.000000000000000000e+00 1.234281808137893677e-03 0.000000000000000000e+00 0.000000000000000000e+00
1.912937499582767487e-03 2.629779279232025146e-03 0.000000000000000000e+00 1.012186147272586823e-02 0.000000000000000000e+00 5.729966796934604645e-04 0.000000000000000000e+00 0.000000000000000000e+00
5.749355535954236984e-03 6.775669753551483154e-03 0.000000000000000000e+00 1.247457694262266159e-03 0.000000000000000000e+00 0.000000000000000000e+00 0.000000000000000000e+00 1.444852910935878754e-02
0.000000000000000000e+00 7.454313337802886963e-03 0.000000000000000000e+00 3.608334343880414963e-03 0.000000000000000000e+00 8.295872248709201813e-04 4.569554701447486877e-03 0.000000000000000000e+00
3.218836151063442230e-03 0.000000000000000000e+00 0.000000000000000000e+00 0.000000000000000000e+00 0.000000000000000000e+00 9.851960465312004089e-03 1.217847689986228943e-03 4.069681279361248016e-03
0.000000000000000000e+00 5.542926490306854248e-03 0.000000000000000000e+00 6.629456765949726105e-03 0.000000000000000000e+00 0.000000000000000000e+00 4.558060318231582642e-03 0.000000000000000000e+00
0.000000000000000000e+00 2.568721771240234375e-03 0.000000000000000000e+00 0.000000000000000000e+00 0.000000000000000000e+00 0.000000000000000000e+00 0.000000000000000000e+00 0.000000000000000000e+00
0.000000000000000000e+00 9.700883179903030396e-03 0.000000000000000000e+00 0.000000000000000000e+00 0.000000000000000000e+00 5.839361809194087982e-03 0.000000000000000000e+00 0.000000000000000000e+00
0.000000000000000000e+00 9.424649178981781006e-04 0.000000000000000000e+00 5.791979841887950897e-03 0.000000000000000000e+00 1.100399717688560486e-02 2.801608294248580933e-03 2.885468304157257080e-03
0.000000000000000000e+00 0.000000000000000000e+00 0.000000000000000000e+00 5.746645852923393250e-03 0.000000000000000000e+00 6.621954031288623810e-03 0.000000000000000000e+00 4.413037560880184174e-03
7.571841124445199966e-03 0.000000000000000000e+00 0.000000000000000000e+00 0.000000000000000000e+00 4.216562956571578979e-03 6.816811393946409225e-03 0.000000000000000000e+00 1.353462412953376770e-02
0.000000000000000000e+00 6.182365119457244873e-03 0.000000000000000000e+00 0.000000000000000000e+00 0.000000000000000000e+00 0.000000000000000000e+00 0.000000000000000000e+00 0.000000000000000000e+00
2.480357885360717773e-03 3.409173339605331421e-03 0.000000000000000000e+00 7.759502157568931580e-03 0.000000000000000000e+00 1.388066913932561874e-03 5.960754118859767914e-03 8.053407073020935059e-03
7.493635639548301697e-03 3.763165324926376343e-03 0.000000000000000000e+00 0.000000000000000000e+00 0.000000000000000000e+00 2.168653532862663269e-03 0.000000000000000000e+00 2.016226761043071747e-03
0.000000000000000000e+00 2.438008785247802734e-03 0.000000000000000000e+00 0.000000000000000000e+00 1.301551237702369690e-03 0.000000000000000000e+00 0.000000000000000000e+00 0.000000000000000000e+00
1.310252584517002106e-03 1.624673604965209961e-02 0.000000000000000000e+00 8.331283926963806152e-03 0.000000000000000000e+00 0.000000000000000000e+00 0.000000000000000000e+00 6.516794674098491669e-03
2.202183939516544342e-03 1.564387232065200806e-02 0.000000000000000000e+00 1.998704858124256134e-03 0.000000000000000000e+00 4.998947493731975555e-03 2.035650424659252167e-03 1.161644607782363892e-02
0.000000000000000000e+00 0.000000000000000000e+00 0.000000000000000000e+00 0.000000000000000000e+00 0.000000000000000000e+00 1.430887728929519653e-02 2.178743481636047363e-03 0.000000000000000000e+00
3.189981216564774513e-03 3.756649792194366455e-03 0.000000000000000000e+00 1.436295919120311737e-03 0.000000000000000000e+00 1.977224368602037430e-03 0.000000000000000000e+00 8.626498281955718994e-03
1.273825764656066895e-03 9.595133364200592041e-03 0.000000000000000000e+00 1.612449437379837036e-02 0.000000000000000000e+00 0.000000000000000000e+00 0.000000000000000000e+00 0.000000000000000000e+00
0.000000000000000000e+00 0.000000000000000000e+00 0.000000000000000000e+00 0.000000000000000000e+00 0.000000000000000000e+00 0.000000000000000000e+00 0.000000000000000000e+00 0.000000000000000000e+00
0.000000000000000000e+00 9.128380566835403442e-03 0.000000000000000000e+00 0.000000000000000000e+00 0.000000000000000000e+00 0.000000000000000000e+00 0.000000000000000000e+00 0.000000000000000000e+00
4.207367077469825745e-03 4.690613597631454468e-03 0.000000000000000000e+00 1.597967743873596191e-02 0.000000000000000000e+00 0.000000000000000000e+00 0.000000000000000000e+00 0.000000000000000000e+00
0.000000000000000000e+00 3.879822790622711182e-03 0.000000000000000000e+00 1.596919819712638855e-02 0.000000000000000000e+00 0.000000000000000000e+00 0.000000000000000000e+00 1.431051641702651978e-03
0.000000000000000000e+00 1.053221523761749268e-03 0.000000000000000000e+00 8.884329348802566528e-03 0.000000000000000000e+00 4.117069765925407410e-04 3.970289602875709534e-03 0.000000000000000000e+00
7.863629609346389771e-03 1.159852743148803711e-02 0.000000000000000000e+00 1.404819265007972717e-02 0.000000000000000000e+00 0.000000000000000000e+00 0.000000000000000000e+00 0.000000000000000000e+00
6.208429113030433655e-04 9.067475795745849609e-03 0.000000000000000000e+00 6.865350529551506042e-03 0.000000000000000000e+00 6.708544678986072540e-03 0.000000000000000000e+00 0.000000000000000000e+00
2.380180172622203827e-03 7.607236504554748535e-03 0.000000000000000000e+00 0.000000000000000000e+00 0.000000000000000000e+00 5.642437376081943512e-03 4.643094725906848907e-03 0.000000000000000000e+00
0.000000000000000000e+00 0.000000000000000000e+00 0.000000000000000000e+00 0.000000000000000000e+00 0.000000000000000000e+00 0.000000000000000000e+00 0.000000000000000000e+00 0.000000000000000000e+00
0.000000000000000000e+00 0.000000000000000000e+00 0.000000000000000000e+00 2.498542889952659607e-03 0.000000000000000000e+00 7.260797079652547836e-03 1.116598397493362427e-02 1.278183795511722565e-02
0.000000000000000000e+00 1.836672425270080566e-03 0.000000000000000000e+00 1.183848176151514053e-02 0.000000000000000000e+00 6.936754100024700165e-03 3.619164228439331055e-03 0.000000000000000000e+00
0.000000000000000000e+00 3.184765577316284180e-03 0.000000000000000000e+00 0.000000000000000000e+00 0.000000000000000000e+00 6.680376827716827393e-05 0.000000000000000000e+00 1.948341168463230133e-02
5.194649100303649902e-03 1.430377364158630371e-03 0.000000000000000000e+00 0.000000000000000000e+00 0.000000000000000000e+00 5.906465463340282440e-03 0.000000000000000000e+00 1.662154123187065125e-02
8.233737200498580933e-03 1.456726342439651489e-03 0.000000000000000000e+00 0.000000000000000000e+00 0.000000000000000000e+00 0.000000000000000000e+00 0.000000000000000000e+00 4.778818227350711823e-03
0.000000000000000000e+00 2.943070605397224426e-02 0.000000000000000000e+00 2.194460853934288025e-02 0.000000000000000000e+00 7.517458871006965637e-04 2.702079713344573975e-03 0.000000000000000000e+00
2.309537027031183243e-03 7.235694676637649536e-03 0.000000000000000000e+00 0.000000000000000000e+00 0.000000000000000000e+00 1.330222003161907196e-03 0.000000000000000000e+00 0.000000000000000000e+00
0.000000000000000000e+00 2.687186002731323242e-03 0.000000000000000000e+00 0.000000000000000000e+00 0.000000000000000000e+00 0.000000000000000000e+00 0.000000000000000000e+00 0.000000000000000000e+00
2.425143495202064514e-03 1.285301521420478821e-02 0.000000000000000000e+00 6.265680305659770966e-03 0.000000000000000000e+00 3.486370202153921127e-03 0.000000000000000000e+00 0.000000000000000000e+00
3.735334146767854691e-03 3.416527062654495239e-03 0.000000000000000000e+00 0.000000000000000000e+00 0.000000000000000000e+00 0.000000000000000000e+00 0.000000000000000000e+00 1.394287683069705963e-03
0.000000000000000000e+00 6.683912128210067749e-03 0.000000000000000000e+00 0.000000000000000000e+00 7.670775055885314941e-03 2.003449015319347382e-02 0.000000000000000000e+00 1.076339557766914368e-02
4.601376131176948547e-03 1.899767667055130005e-03 0.000000000000000000e+00 5.663884803652763367e-05 0.000000000000000000e+00 2.712824847549200058e-03 0.000000000000000000e+00 6.579706445336341858e-03
0.000000000000000000e+00 1.576052978634834290e-02 0.000000000000000000e+00 1.008141599595546722e-02 0.000000000000000000e+00 0.000000000000000000e+00 0.000000000000000000e+00 0.000000000000000000e+00
8.157760836184024811e-03 5.244053900241851807e-03 0.000000000000000000e+00 0.000000000000000000e+00 0.000000000000000000e+00 2.332740463316440582e-03 4.977740347385406494e-03 1.053069531917572021e-02
0.000000000000000000e+00 1.263794675469398499e-02 0.000000000000000000e+00 1.322943717241287231e-05 0.000000000000000000e+00 0.000000000000000000e+00 0.000000000000000000e+00 0.000000000000000000e+00
4.562526941299438477e-03 2.956602722406387329e-03 0.000000000000000000e+00 3.552706912159919739e-03 0.000000000000000000e+00 2.928862348198890686e-03 1.368179917335510254e-03 0.000000000000000000e+00
0.000000000000000000e+00 0.000000000000000000e+00 0.000000000000000000e+00 0.000000000000000000e+00 0.000000000000000000e+00 0.000000000000000000e+00 0.000000000000000000e+00 0.000000000000000000e+00
1.616416499018669128e-03 6.946213543415069580e-03 0.000000000000000000e+00 1.239394862204790115e-02 0.000000000000000000e+00 0.000000000000000000e+00 0.000000000000000000e+00 0.000000000000000000e+00
0.000000000000000000e+00 2.670560032129287720e-03 0.000000000000000000e+00 0.000000000000000000e+00 0.000000000000000000e+00 5.780461709946393967e-03 0.000000000000000000e+00 0.000000000000000000e+00
0.000000000000000000e+00 1.000069640576839447e-02 0.000000000000000000e+00 1.647973433136940002e-02 0.000000000000000000e+00 0.000000000000000000e+00 0.000000000000000000e+00 1.157641410827636719e-03
1.222908496856689453e-02 0.000000000000000000e+00 0.000000000000000000e+00 4.824171308428049088e-03 0.000000000000000000e+00 0.000000000000000000e+00 9.421085938811302185e-03 6.618320941925048828e-03
4.815333522856235504e-04 1.132643595337867737e-02 0.000000000000000000e+00 0.000000000000000000e+00 0.000000000000000000e+00 0.000000000000000000e+00 0.000000000000000000e+00 0.000000000000000000e+00
5.375959444791078568e-03 6.887540221214294434e-03 0.000000000000000000e+00 2.042201161384582520e-02 0.000000000000000000e+00 3.529556095600128174e-03 0.000000000000000000e+00 7.906099781394004822e-04
2.327516209334135056e-03 9.149063378572463989e-03 0.000000000000000000e+00 6.787585094571113586e-03 0.000000000000000000e+00 6.172973662614822388e-04 1.465847715735435486e-03 3.530818037688732147e-03
0.000000000000000000e+00 1.311830431222915649e-02 0.000000000000000000e+00 4.017618484795093536e-03 0.000000000000000000e+00 0.000000000000000000e+00 0.000000000000000000e+00 8.549327030777931213e-04
2.963841427117586136e-03 1.066089048981666565e-02 0.000000000000000000e+00 0.000000000000000000e+00 0.000000000000000000e+00 9.190065786242485046e-03 0.000000000000000000e+00 0.000000000000000000e+00
3.704734146595001221e-03 6.973396986722946167e-03 0.000000000000000000e+00 0.000000000000000000e+00 0.000000000000000000e+00 0.000000000000000000e+00 0.000000000000000000e+00 4.528037272393703461e-03
0.000000000000000000e+00 1.235431060194969177e-02 0.000000000000000000e+00 4.028702154755592346e-03 0.000000000000000000e+00 0.000000000000000000e+00 0.000000000000000000e+00 2.093959599733352661e-03
6.746917497366666794e-03 6.785094738006591797e-04 0.000000000000000000e+00 0.000000000000000000e+00 0.000000000000000000e+00 0.000000000000000000e+00 0.000000000000000000e+00 0.000000000000000000e+00
4.338194616138935089e-03 2.975599840283393860e-03 0.000000000000000000e+00 0.000000000000000000e+00 0.000000000000000000e+00 3.328429535031318665e-03 7.387458812445402145e-03 1.469735242426395416e-02
3.455648198723793030e-03 0.000000000000000000e+00 0.000000000000000000e+00 3.205930814146995544e-03 0.000000000000000000e+00 0.000000000000000000e+00 0.000000000000000000e+00 2.327324636280536652e-02
5.146684125065803528e-04 1.772642135620117188e-03 0.000000000000000000e+00 2.479280158877372742e-02 0.000000000000000000e+00 0.000000000000000000e+00 2.742221578955650330e-03 6.185064092278480530e-03
4.605486989021301270e-03 8.900947868824005127e-03 0.000000000000000000e+00 0.000000000000000000e+00 0.000000000000000000e+00 1.185126136988401413e-02 1.281943172216415405e-03 1.059174537658691406e-02
0.000000000000000000e+00 1.018836721777915955e-02 0.000000000000000000e+00 3.896923735737800598e-03 0.000000000000000000e+00 7.536059245467185974e-03 1.076582167297601700e-02 1.028872840106487274e-02
0.000000000000000000e+00 0.000000000000000000e+00 0.000000000000000000e+00 0.000000000000000000e+00 0.000000000000000000e+00 3.378082532435655594e-03 0.000000000000000000e+00 0.000000000000000000e+00
1.668749749660491943e-02 3.502499312162399292e-03 0.000000000000000000e+00 0.000000000000000000e+00 0.000000000000000000e+00 1.138384453952312469e-02 0.000000000000000000e+00 1.202455069869756699e-02
9.005381725728511810e-03 4.814445972442626953e-03 0.000000000000000000e+00 3.722581081092357635e-03 0.000000000000000000e+00 0.000000000000000000e+00 0.000000000000000000e+00 0.000000000000000000e+00
3.696479368954896927e-03 3.237493336200714111e-03 0.000000000000000000e+00 5.135895684361457825e-03 0.000000000000000000e+00 4.712470341473817825e-03 6.508976221084594727e-04 0.000000000000000000e+00
0.000000000000000000e+00 4.618406295776367188e-03 0.000000000000000000e+00 1.075178571045398712e-02 0.000000000000000000e+00 0.000000000000000000e+00 0.000000000000000000e+00 4.266248084604740143e-03
1.728260889649391174e-02 0.000000000000000000e+00 0.000000000000000000e+00 8.923680521547794342e-03 0.000000000000000000e+00 2.394085284322500229e-03 8.324196562170982361e-03 1.912723295390605927e-02
4.969739355146884918e-03 1.649215817451477051e-03 0.000000000000000000e+00 0.000000000000000000e+00 0.000000000000000000e+00 0.000000000000000000e+00 0.000000000000000000e+00 0.000000000000000000e+00
0.000000000000000000e+00 0.000000000000000000e+00 0.000000000000000000e+00 2.545741200447082520e-02 0.000000000000000000e+00 8.129828609526157379e-03 3.804558515548706055e-02 3.104408457875251770e-02
1.905640121549367905e-03 6.957758218050003052e-03 0.000000000000000000e+00 4.210044629871845245e-03 0.000000000000000000e+00 4.594034515321254730e-03 1.339245587587356567e-03 0.000000000000000000e+00
1.157820876687765121e-02 0.000000000000000000e+00 0.000000000000000000e+00 1.378494780510663986e-02 0.000000000000000000e+00 0.000000000000000000e+00 0.000000000000000000e+00 0.000000000000000000e+00
4.202546551823616028e-04 1.868136227130889893e-03 0.000000000000000000e+00 1.436081063002347946e-02 0.000000000000000000e+00 0.000000000000000000e+00 0.000000000000000000e+00 0.000000000000000000e+00
0.000000000000000000e+00 4.204023629426956177e-03 0.000000000000000000e+00 1.239289902150630951e-02 0.000000000000000000e+00 3.371698781847953796e-03 0.000000000000000000e+00 0.000000000000000000e+00
0.000000000000000000e+00 1.540908589959144592e-03 0.000000000000000000e+00 7.812120020389556885e-04 0.000000000000000000e+00 5.925055127590894699e-03 3.323783166706562042e-03 4.800966009497642517e-03
1.383709721267223358e-03 8.617773652076721191e-03 0.000000000000000000e+00 1.666305772960186005e-02 0.000000000000000000e+00 0.000000000000000000e+00 0.000000000000000000e+00 5.996600724756717682e-03
0.000000000000000000e+00 4.675589501857757568e-03 0.000000000000000000e+00 2.345724031329154968e-03 0.000000000000000000e+00 3.255598247051239014e-03 0.000000000000000000e+00 5.017176270484924316e-03
0.000000000000000000e+00 6.336443126201629639e-03 0.000000000000000000e+00 6.733462214469909668e-06 0.000000000000000000e+00 0.000000000000000000e+00 0.000000000000000000e+00 0.000000000000000000e+00
1.160041429102420807e-03 0.000000000000000000e+00 0.000000000000000000e+00 6.550953723490238190e-03 0.000000000000000000e+00 0.000000000000000000e+00 0.000000000000000000e+00 3.209800459444522858e-03
8.404278196394443512e-03 9.496010839939117432e-03 0.000000000000000000e+00 7.200052961707115173e-03 0.000000000000000000e+00 0.000000000000000000e+00 0.000000000000000000e+00 1.452925801277160645e-02
8.502376265823841095e-03 0.000000000000000000e+00 0.000000000000000000e+00 0.000000000000000000e+00 0.000000000000000000e+00 3.475602716207504272e-04 0.000000000000000000e+00 1.221589185297489166e-02
2.500216476619243622e-03 1.457599923014640808e-03 0.000000000000000000e+00 2.927880268543958664e-03 0.000000000000000000e+00 4.740950185805559158e-03 7.161993533372879028e-03 1.086823455989360809e-02
4.498782567679882050e-03 3.336213529109954834e-03 0.000000000000000000e+00 1.297161169350147247e-02 0.000000000000000000e+00 9.363177232444286346e-04 0.000000000000000000e+00 0.000000000000000000e+00
0.000000000000000000e+00 4.983171820640563965e-04 0.000000000000000000e+00 1.002054661512374878e-02 0.000000000000000000e+00 3.718188032507896423e-03 0.000000000000000000e+00 0.000000000000000000e+00
0.000000000000000000e+00 1.857347786426544189e-03 0.000000000000000000e+00 1.098470203578472137e-02 0.000000000000000000e+00 9.199893102049827576e-04 0.000000000000000000e+00 3.013992682099342346e-04
1.053018774837255478e-02 1.380108296871185303e-03 0.000000000000000000e+00 0.000000000000000000e+00 1.859104260802268982e-03 4.230218008160591125e-03 0.000000000000000000e+00 2.309304475784301758e-02
0.000000000000000000e+00 7.457409054040908813e-03 0.000000000000000000e+00 0.000000000000000000e+00 0.000000000000000000e+00 3.526083193719387054e-03 0.000000000000000000e+00 0.000000000000000000e+00
3.395222127437591553e-03 1.396875828504562378e-03 0.000000000000000000e+00 1.112594082951545715e-02 0.000000000000000000e+00 8.084225468337535858e-03 0.000000000000000000e+00 6.187811493873596191e-03
0.000000000000000000e+00 7.486410439014434814e-03 0.000000000000000000e+00 0.000000000000000000e+00 0.000000000000000000e+00 1.566603220999240875e-02 0.000000000000000000e+00 0.000000000000000000e+00
0.000000000000000000e+00 1.683974638581275940e-03 0.000000000000000000e+00 0.000000000000000000e+00 3.999829292297363281e-03 1.534970756620168686e-02 7.717030122876167297e-03 9.017786011099815369e-03
7.581979967653751373e-03 5.928423255681991577e-03 0.000000000000000000e+00 0.000000000000000000e+00 0.000000000000000000e+00 0.000000000000000000e+00 0.000000000000000000e+00 0.000000000000000000e+00
0.000000000000000000e+00 0.000000000000000000e+00 0.000000000000000000e+00 6.074164062738418579e-03 0.000000000000000000e+00 6.704302504658699036e-03 1.123305410146713257e-04 0.000000000000000000e+00
1.009958330541849136e-02 6.083890795707702637e-03 0.000000000000000000e+00 0.000000000000000000e+00 0.000000000000000000e+00 0.000000000000000000e+00 0.000000000000000000e+00 0.000000000000000000e+00
6.743315607309341431e-04 1.886075362563133240e-03 0.000000000000000000e+00 0.000000000000000000e+00 0.000000000000000000e+00 6.979912985116243362e-03 1.976464875042438507e-03 2.158523071557283401e-03
0.000000000000000000e+00 2.775788307189941406e-04 0.000000000000000000e+00 2.037080004811286926e-03 0.000000000000000000e+00 0.000000000000000000e+00 0.000000000000000000e+00 1.634597033262252808e-02
5.769338458776473999e-03 5.196869373321533203e-03 0.000000000000000000e+00 0.000000000000000000e+00 0.000000000000000000e+00 4.479982890188694000e-03 0.000000000000000000e+00 5.708009935915470123e-03
1.854572212323546410e-03 3.714568912982940674e-03 0.000000000000000000e+00 0.000000000000000000e+00 0.000000000000000000e+00 5.901375785470008850e-03 6.840042304247617722e-03 6.458197254687547684e-03
2.354910830035805702e-03 6.887052208185195923e-03 0.000000000000000000e+00 5.563827231526374817e-03 0.000000000000000000e+00 4.479402676224708557e-03 6.823552772402763367e-03 2.229440025985240936e-03
3.157029859721660614e-03 1.083077117800712585e-02 0.000000000000000000e+00 0.000000000000000000e+00 0.000000000000000000e+00 8.557854220271110535e-03 0.000000000000000000e+00 0.000000000000000000e+00
5.230831913650035858e-03 1.102877035737037659e-02 0.000000000000000000e+00 4.615983366966247559e-02 0.000000000000000000e+00 0.000000000000000000e+00 3.080878034234046936e-02 2.047147229313850403e-02
0.000000000000000000e+00 0.000000000000000000e+00 0.000000000000000000e+00 4.239240661263465881e-03 0.000000000000000000e+00 9.237397462129592896e-04 6.636333651840686798e-03 1.042056083679199219e-02
1.082622259855270386e-02 1.717679202556610107e-03 0.000000000000000000e+00 2.693900838494300842e-03 0.000000000000000000e+00 0.000000000000000000e+00 0.000000000000000000e+00 1.118354126811027527e-02
7.111624814569950104e-03 0.000000000000000000e+00 0.000000000000000000e+00 1.876165159046649933e-03 0.000000000000000000e+00 0.000000000000000000e+00 0.000000000000000000e+00 3.434013109654188156e-03
4.001889843493700027e-03 6.272420287132263184e-04 0.000000000000000000e+00 0.000000000000000000e+00 8.351057767868041992e-03 4.486417397856712341e-03 8.453503251075744629e-04 9.979344904422760010e-03
0.000000000000000000e+00 0.000000000000000000e+00 0.000000000000000000e+00 1.830686628818511963e-02 0.000000000000000000e+00 0.000000000000000000e+00 5.780618637800216675e-03 1.235314831137657166e-02
0.000000000000000000e+00 6.196614354848861694e-03 0.000000000000000000e+00 1.066661346703767776e-02 0.000000000000000000e+00 0.000000000000000000e+00 2.228795550763607025e-03 4.056057427078485489e-03
0.000000000000000000e+00 0.000000000000000000e+00 0.000000000000000000e+00 3.943117801100015640e-03 0.000000000000000000e+00 4.321963991969823837e-03 0.000000000000000000e+00 0.000000000000000000e+00
7.846738211810588837e-03 0.000000000000000000e+00 0.000000000000000000e+00 2.153972350060939789e-02 0.000000000000000000e+00 4.131269641220569611e-03 6.484713405370712280e-03 1.521287672221660614e-02
0.000000000000000000e+00 1.417678408324718475e-02 0.000000000000000000e+00 1.979370228946208954e-02 0.000000000000000000e+00 1.330926548689603806e-02 1.615402288734912872e-02 0.000000000000000000e+00
0.000000000000000000e+00 0.000000000000000000e+00 0.000000000000000000e+00 3.996165469288825989e-04 0.000000000000000000e+00 0.000000000000000000e+00 0.000000000000000000e+00 0.000000000000000000e+00
0.000000000000000000e+00 0.000000000000000000e+00 0.000000000000000000e+00 1.027100812643766403e-02 0.000000000000000000e+00 1.076517626643180847e-02 0.000000000000000000e+00 1.666968688368797302e-02
0.000000000000000000e+00 8.495893329381942749e-03 0.000000000000000000e+00 0.000000000000000000e+00 0.000000000000000000e+00 0.000000000000000000e+00 0.000000000000000000e+00 0.000000000000000000e+00
1.011664047837257385e-03 0.000000000000000000e+00 0.000000000000000000e+00 1.667705923318862915e-02 0.000000000000000000e+00 0.000000000000000000e+00 0.000000000000000000e+00 4.284456372261047363e-04
0.000000000000000000e+00 0.000000000000000000e+00 0.000000000000000000e+00 0.000000000000000000e+00 0.000000000000000000e+00 1.597308926284313202e-02 8.304089307785034180e-03 1.376665476709604263e-02
8.978412486612796783e-03 7.621001452207565308e-03 0.000000000000000000e+00 7.646910846233367920e-03 0.000000000000000000e+00 5.584656260907649994e-03 2.464812248945236206e-03 1.719409972429275513e-02
6.637856829911470413e-03 0.000000000000000000e+00 0.000000000000000000e+00 1.644055731594562531e-02 0.000000000000000000e+00 1.152745727449655533e-02 1.228808611631393433e-02 2.990693598985671997e-02
8.269058540463447571e-03 3.614570945501327515e-03 0.000000000000000000e+00 0.000000000000000000e+00 0.000000000000000000e+00 0.000000000000000000e+00 0.000000000000000000e+00 0.000000000000000000e+00
5.358441267162561417e-03 9.164735674858093262e-04 0.000000000000000000e+00 0.000000000000000000e+00 0.000000000000000000e+00 0.000000000000000000e+00 0.000000000000000000e+00 3.424454480409622192e-03
8.198900148272514343e-03 3.151290118694305420e-03 0.000000000000000000e+00 2.764502726495265961e-02 0.000000000000000000e+00 3.901303745806217194e-03 1.654441654682159424e-02 2.680121734738349915e-02
4.241740331053733826e-03 3.808125853538513184e-03 0.000000000000000000e+00 0.000000000000000000e+00 0.000000000000000000e+00 7.336811628192663193e-03 0.000000000000000000e+00 0.000000000000000000e+00
0.000000000000000000e+00 0.000000000000000000e+00 0.000000000000000000e+00 0.000000000000000000e+00 0.000000000000000000e+00 0.000000000000000000e+00 0.000000000000000000e+00 1.662338618189096451e-03
0.000000000000000000e+00 1.204763352870941162e-02 0.000000000000000000e+00 0.000000000000000000e+00 0.000000000000000000e+00 7.033953443169593811e-04 0.000000000000000000e+00 0.000000000000000000e+00
0.000000000000000000e+00 8.826181292533874512e-03 0.000000000000000000e+00 0.000000000000000000e+00 7.246859371662139893e-03 2.199815213680267334e-02 0.000000000000000000e+00 8.444675244390964508e-03
0.000000000000000000e+00 2.748452126979827881e-03 0.000000000000000000e+00 8.245501667261123657e-03 0.000000000000000000e+00 1.231240201741456985e-02 4.316920414566993713e-03 0.000000000000000000e+00
1.027278229594230652e-02 6.723798811435699463e-03 0.000000000000000000e+00 0.000000000000000000e+00 0.000000000000000000e+00 0.000000000000000000e+00 0.000000000000000000e+00 0.000000000000000000e+00
0.000000000000000000e+00 1.397080719470977783e-03 0.000000000000000000e+00 0.000000000000000000e+00 0.000000000000000000e+00 5.410266108810901642e-03 0.000000000000000000e+00 4.151222296059131622e-03
1.640773378312587738e-03 6.435837596654891968e-03 0.000000000000000000e+00 0.000000000000000000e+00 0.000000000000000000e+00 0.000000000000000000e+00 0.000000000000000000e+00 2.506088931113481522e-03
0.000000000000000000e+00 5.975011736154556274e-03 0.000000000000000000e+00 0.000000000000000000e+00 0.000000000000000000e+00 1.607321202754974365e-03 0.000000000000000000e+00 0.000000000000000000e+00
6.581116467714309692e-03 9.887903928756713867e-03 0.000000000000000000e+00 0.000000000000000000e+00 0.000000000000000000e+00 7.743956521153450012e-04 0.000000000000000000e+00 9.702064096927642822e-03
0.000000000000000000e+00 6.905954331159591675e-03 0.000000000000000000e+00 2.455029822885990143e-02 0.000000000000000000e+00 1.253115478903055191e-03 0.000000000000000000e+00 2.302432432770729065e-03
1.644028536975383759e-02 0.000000000000000000e+00 0.000000000000000000e+00 0.000000000000000000e+00 0.000000000000000000e+00 8.695162832736968994e-04 0.000000000000000000e+00 1.212869584560394287e-02
0.000000000000000000e+00 3.935281187295913696e-03 0.000000000000000000e+00 0.000000000000000000e+00 0.000000000000000000e+00 1.337683293968439102e-03 0.000000000000000000e+00 0.000000000000000000e+00
2.550141885876655579e-03 0.000000000000000000e+00 0.000000000000000000e+00 6.507069803774356842e-03 0.000000000000000000e+00 8.576484397053718567e-03 3.387533128261566162e-03 1.482842303812503815e-02
0.000000000000000000e+00 3.216100856661796570e-03 0.000000000000000000e+00 2.548898104578256607e-03 0.000000000000000000e+00 1.189657393842935562e-02 1.295456290245056152e-02 8.898133412003517151e-03
4.903554916381835938e-03 0.000000000000000000e+00 0.000000000000000000e+00 0.000000000000000000e+00 0.000000000000000000e+00 0.000000000000000000e+00 0.000000000000000000e+00 1.107778400182723999e-02
0.000000000000000000e+00 0.000000000000000000e+00 0.000000000000000000e+00 1.030925661325454712e-03 0.000000000000000000e+00 0.000000000000000000e+00 0.000000000000000000e+00 2.378426492214202881e-03
0.000000000000000000e+00 5.403790622949600220e-03 0.000000000000000000e+00 1.323177013546228409e-03 0.000000000000000000e+00 8.225181140005588531e-03 6.645710207521915436e-03 0.000000000000000000e+00
1.555619295686483383e-03 1.578375697135925293e-03 0.000000000000000000e+00 1.643061824142932892e-02 0.000000000000000000e+00 0.000000000000000000e+00 5.708614364266395569e-03 5.515600554645061493e-03
6.681740283966064453e-03 2.204217016696929932e-03 0.000000000000000000e+00 9.575303643941879272e-03 0.000000000000000000e+00 0.000000000000000000e+00 0.000000000000000000e+00 1.195191778242588043e-02
1.792352646589279175e-03 7.924251258373260498e-04 0.000000000000000000e+00 1.397000998258590698e-02 0.000000000000000000e+00 0.000000000000000000e+00 0.000000000000000000e+00 0.000000000000000000e+00
1.389867253601551056e-02 0.000000000000000000e+00 0.000000000000000000e+00 2.504079975187778473e-02 0.000000000000000000e+00 0.000000000000000000e+00 0.000000000000000000e+00 0.000000000000000000e+00
4.187691956758499146e-05 7.925335317850112915e-03 0.000000000000000000e+00 2.666719257831573486e-03 0.000000000000000000e+00 7.318605203181505203e-04 0.000000000000000000e+00 4.344246350228786469e-03
0.000000000000000000e+00 4.777517169713973999e-04 0.000000000000000000e+00 6.132755894213914871e-03 0.000000000000000000e+00 5.266241263598203659e-03 0.000000000000000000e+00 0.000000000000000000e+00
0.000000000000000000e+00 9.843934327363967896e-03 0.000000000000000000e+00 2.564076799899339676e-03 0.000000000000000000e+00 0.000000000000000000e+00 0.000000000000000000e+00 0.000000000000000000e+00
0.000000000000000000e+00 1.106269657611846924e-03 0.000000000000000000e+00 1.162853837013244629e-02 0.000000000000000000e+00 1.427189074456691742e-02 6.343983113765716553e-03 8.238088339567184448e-03
0.000000000000000000e+00 1.408722251653671265e-03 0.000000000000000000e+00 0.000000000000000000e+00 0.000000000000000000e+00 5.795867182314395905e-03 0.000000000000000000e+00 7.104508578777313232e-03
0.000000000000000000e+00 1.888751424849033356e-02 0.000000000000000000e+00 1.215231232345104218e-02 0.000000000000000000e+00 0.000000000000000000e+00 0.000000000000000000e+00 0.000000000000000000e+00
3.018966410309076309e-03 0.000000000000000000e+00 0.000000000000000000e+00 8.336864411830902100e-04 0.000000000000000000e+00 4.836918786168098450e-03 0.000000000000000000e+00 5.924767814576625824e-03
0.000000000000000000e+00 5.951493978500366211e-03 0.000000000000000000e+00 0.000000000000000000e+00 0.000000000000000000e+00 2.346923109143972397e-03 0.000000000000000000e+00 0.000000000000000000e+00
4.561641253530979156e-03 2.734072506427764893e-03 0.000000000000000000e+00 2.307895570993423462e-03 0.000000000000000000e+00 0.000000000000000000e+00 0.000000000000000000e+00 6.019574590027332306e-03
1.496712304651737213e-02 0.000000000000000000e+00 0.000000000000000000e+00 2.863349393010139465e-02 0.000000000000000000e+00 0.000000000000000000e+00 0.000000000000000000e+00 1.942124590277671814e-02
2.782268449664115906e-03 1.759801059961318970e-03 0.000000000000000000e+00 0.000000000000000000e+00 0.000000000000000000e+00 1.496250974014401436e-03 0.000000000000000000e+00 0.000000000000000000e+00
4.495343193411827087e-03 5.692750215530395508e-03 0.000000000000000000e+00 2.179080806672573090e-02 0.000000000000000000e+00 0.000000000000000000e+00 0.000000000000000000e+00 0.000000000000000000e+00
0.000000000000000000e+00 5.005747079849243164e-04 0.000000000000000000e+00 3.309037908911705017e-02 0.000000000000000000e+00 0.000000000000000000e+00 5.029112100601196289e-03 1.017293985933065414e-02
4.353621043264865875e-03 7.151719182729721069e-03 0.000000000000000000e+00 0.000000000000000000e+00 0.000000000000000000e+00 0.000000000000000000e+00 0.000000000000000000e+00 0.000000000000000000e+00
1.009361352771520615e-03 4.329670220613479614e-03 0.000000000000000000e+00 0.000000000000000000e+00 0.000000000000000000e+00 0.000000000000000000e+00 0.000000000000000000e+00 7.529826834797859192e-04
8.986419998109340668e-03 4.354164004325866699e-03 0.000000000000000000e+00 6.790850311517715454e-04 0.000000000000000000e+00 0.000000000000000000e+00 0.000000000000000000e+00 0.000000000000000000e+00
5.143207032233476639e-03 3.737039864063262939e-03 0.000000000000000000e+00 9.159408509731292725e-04 0.000000000000000000e+00 6.396598648279905319e-03 1.551913097500801086e-03 7.342959754168987274e-03
3.704315051436424255e-03 7.651157677173614502e-03 0.000000000000000000e+00 3.409896045923233032e-02 0.000000000000000000e+00 0.000000000000000000e+00 0.000000000000000000e+00 0.000000000000000000e+00
1.242802478373050690e-03 3.333181142807006836e-03 0.000000000000000000e+00 5.339352414011955261e-03 0.000000000000000000e+00 0.000000000000000000e+00 0.000000000000000000e+00 0.000000000000000000e+00
2.214622311294078827e-02 0.000000000000000000e+00 0.000000000000000000e+00 3.319683670997619629e-02 0.000000000000000000e+00 3.258377313613891602e-03 1.260656490921974182e-02 7.792413234710693359e-03
0.000000000000000000e+00 1.169418171048164368e-02 0.000000000000000000e+00 3.278391063213348389e-02 0.000000000000000000e+00 0.000000000000000000e+00 0.000000000000000000e+00 0.000000000000000000e+00
1.075529772788286209e-02 0.000000000000000000e+00 0.000000000000000000e+00 3.748616203665733337e-03 0.000000000000000000e+00 0.000000000000000000e+00 0.000000000000000000e+00 1.943621784448623657e-02
5.016664974391460419e-03 9.509976953268051147e-03 0.000000000000000000e+00 3.995839506387710571e-03 0.000000000000000000e+00 0.000000000000000000e+00 9.283460676670074463e-04 0.000000000000000000e+00
0.000000000000000000e+00 0.000000000000000000e+00 0.000000000000000000e+00 4.436714947223663330e-02 0.000000000000000000e+00 0.000000000000000000e+00 1.441250368952751160e-02 3.978130221366882324e-02
3.807064145803451538e-03 2.079490572214126587e-03 0.000000000000000000e+00 0.000000000000000000e+00 0.000000000000000000e+00 0.000000000000000000e+00 0.000000000000000000e+00 6.928312592208385468e-03
0.000000000000000000e+00 0.000000000000000000e+00 0.000000000000000000e+00 3.376331180334091187e-03 0.000000000000000000e+00 9.081093594431877136e-04 0.000000000000000000e+00 0.000000000000000000e+00
2.398899756371974945e-03 7.037349045276641846e-03 0.000000000000000000e+00 2.758173272013664246e-03 0.000000000000000000e+00 0.000000000000000000e+00 0.000000000000000000e+00 0.000000000000000000e+00
0.000000000000000000e+00 7.414594292640686035e-04 0.000000000000000000e+00 4.395519942045211792e-02 0.000000000000000000e+00 6.493859924376010895e-03 7.425536960363388062e-02 5.330469831824302673e-02
0.000000000000000000e+00 1.858241856098175049e-03 0.000000000000000000e+00 4.491924308240413666e-03 0.000000000000000000e+00 3.675048239529132843e-03 8.198536932468414307e-03 9.846200235188007355e-03
0.000000000000000000e+00 3.520026803016662598e-05 0.000000000000000000e+00 4.004351794719696045e-03 0.000000000000000000e+00 1.178717426955699921e-02 0.000000000000000000e+00 2.113866619765758514e-03
9.238908067345619202e-03 3.574937582015991211e-04 0.000000000000000000e+00 1.921871677041053772e-03 0.000000000000000000e+00 2.503769006580114365e-03 0.000000000000000000e+00 3.738611936569213867e-03
5.098483525216579437e-03 0.000000000000000000e+00 0.000000000000000000e+00 1.181002892553806305e-02 0.000000000000000000e+00 0.000000000000000000e+00 5.810249596834182739e-03 1.312869042158126831e-02
0.000000000000000000e+00 8.668355643749237061e-03 0.000000000000000000e+00 1.003184914588928223e-02 0.000000000000000000e+00 0.000000000000000000e+00 0.000000000000000000e+00 0.000000000000000000e+00
5.315370857715606689e-03 2.193991094827651978e-03 0.000000000000000000e+00 0.000000000000000000e+00 0.000000000000000000e+00 0.000000000000000000e+00 0.000000000000000000e+00 0.000000000000000000e+00
0.000000000000000000e+00 0.000000000000000000e+00 0.000000000000000000e+00 2.365762740373611450e-02 0.000000000000000000e+00 5.955220200121402740e-03 0.000000000000000000e+00 1.826958358287811279e-02
9.530125185847282410e-03 0.000000000000000000e+00 0.000000000000000000e+00 0.000000000000000000e+00 0.000000000000000000e+00 0.000000000000000000e+00 0.000000000000000000e+00 1.546555384993553162e-02
0.000000000000000000e+00 0.000000000000000000e+00 0.000000000000000000e+00 5.359538830816745758e-03 0.000000000000000000e+00 1.482378691434860229e-03 0.000000000000000000e+00 0.000000000000000000e+00
6.946095265448093414e-03 2.026796340942382812e-02 0.000000000000000000e+00 1.075487583875656128e-02 0.000000000000000000e+00 0.000000000000000000e+00 4.165787249803543091e-03 5.164620466530323029e-03
0.000000000000000000e+00 1.418220251798629761e-02 0.000000000000000000e+00 4.615798592567443848e-03 0.000000000000000000e+00 0.000000000000000000e+00 0.000000000000000000e+00 1.147242262959480286e-02
1.311768684536218643e-02 1.708608120679855347e-03 0.000000000000000000e+00 0.000000000000000000e+00 0.000000000000000000e+00 9.849473834037780762e-03 1.243187766522169113e-02 2.803192846477031708e-02
0.000000000000000000e+00 0.000000000000000000e+00 0.000000000000000000e+00 0.000000000000000000e+00 0.000000000000000000e+00 0.000000000000000000e+00 0.000000000000000000e+00 0.000000000000000000e+00
8.562164381146430969e-03 0.000000000000000000e+00 0.000000000000000000e+00 4.006520844995975494e-03 0.000000000000000000e+00 0.000000000000000000e+00 1.764623448252677917e-03 0.000000000000000000e+00
0.000000000000000000e+00 0.000000000000000000e+00 0.000000000000000000e+00 0.000000000000000000e+00 0.000000000000000000e+00 3.352241124957799911e-03 3.347749821841716766e-03 0.000000000000000000e+00
8.453136309981346130e-03 7.649797946214675903e-03 0.000000000000000000e+00 0.000000000000000000e+00 0.000000000000000000e+00 1.290277112275362015e-02 0.000000000000000000e+00 6.120899692177772522e-03
0.000000000000000000e+00 1.230134442448616028e-02 0.000000000000000000e+00 3.731546923518180847e-03 0.000000000000000000e+00 0.000000000000000000e+00 0.000000000000000000e+00 0.000000000000000000e+00
0.000000000000000000e+00 8.535049855709075928e-03 0.000000000000000000e+00 3.683598339557647705e-02 0.000000000000000000e+00 0.000000000000000000e+00 1.081924512982368469e-02 1.209693681448698044e-02
0.000000000000000000e+00 9.430155158042907715e-03 0.000000000000000000e+00 0.000000000000000000e+00 0.000000000000000000e+00 1.331334840506315231e-02 0.000000000000000000e+00 0.000000000000000000e+00
1.231163553893566132e-02 8.445486426353454590e-03 0.000000000000000000e+00 5.971241742372512817e-03 0.000000000000000000e+00 4.507116042077541351e-03 8.813431486487388611e-03 2.410095185041427612e-02
0.000000000000000000e+00 7.316693663597106934e-03 0.000000000000000000e+00 1.675251498818397522e-02 0.000000000000000000e+00 0.000000000000000000e+00 0.000000000000000000e+00 0.000000000000000000e+00
0.000000000000000000e+00 1.174044609069824219e-02 0.000000000000000000e+00 3.261595591902732849e-02 0.000000000000000000e+00 0.000000000000000000e+00 4.323741048574447632e-02 2.164748497307300568e-02
5.284844897687435150e-03 0.000000000000000000e+00 0.000000000000000000e+00 0.000000000000000000e+00 6.558060646057128906e-03 2.069679275155067444e-02 0.000000000000000000e+00 9.006679058074951172e-03
3.339566756039857864e-03 2.851080149412155151e-03 0.000000000000000000e+00 1.641640439629554749e-03 0.000000000000000000e+00 0.000000000000000000e+00 0.000000000000000000e+00 0.000000000000000000e+00
1.788748428225517273e-03 3.855146467685699463e-03 0.000000000000000000e+00 4.582304507493972778e-03 0.000000000000000000e+00 1.025111228227615356e-02 0.000000000000000000e+00 0.000000000000000000e+00
5.494112614542245865e-03 1.304681226611137390e-02 0.000000000000000000e+00 3.960354253649711609e-03 0.000000000000000000e+00 5.431221798062324524e-04 0.000000000000000000e+00 0.000000000000000000e+00
0.000000000000000000e+00 1.915453746914863586e-02 0.000000000000000000e+00 1.181918941438198090e-02 0.000000000000000000e+00 1.127729751169681549e-02 1.676701009273529053e-02 0.000000000000000000e+00
0.000000000000000000e+00 9.347844868898391724e-03 0.000000000000000000e+00 0.000000000000000000e+00 0.000000000000000000e+00 1.059108786284923553e-02 0.000000000000000000e+00 0.000000000000000000e+00
0.000000000000000000e+00 1.186225935816764832e-02 0.000000000000000000e+00 7.122626528143882751e-03 0.000000000000000000e+00 1.543515734374523163e-02 1.188687980175018311e-03 0.000000000000000000e+00
0.000000000000000000e+00 0.000000000000000000e+00 0.000000000000000000e+00 1.970794424414634705e-02 0.000000000000000000e+00 5.661954171955585480e-03 7.984260469675064087e-02 5.745219439268112183e-02
0.000000000000000000e+00 1.833368092775344849e-03 0.000000000000000000e+00 9.410278871655464172e-03 0.000000000000000000e+00 1.240541692823171616e-02 0.000000000000000000e+00 9.157396852970123291e-04
0.000000000000000000e+00 8.540973067283630371e-05 0.000000000000000000e+00 4.814923740923404694e-03 0.000000000000000000e+00 4.387372173368930817e-04 5.203434266149997711e-03 0.000000000000000000e+00
2.182087395340204239e-03 5.161423236131668091e-03 0.000000000000000000e+00 0.000000000000000000e+00 0.000000000000000000e+00 0.000000000000000000e+00 0.000000000000000000e+00 0.000000000000000000e+00
2.069594338536262512e-04 0.000000000000000000e+00 0.000000000000000000e+00 0.000000000000000000e+00 0.000000000000000000e+00 4.918906837701797485e-03 0.000000000000000000e+00 7.458841428160667419e-03
6.988173350691795349e-03 0.000000000000000000e+00 0.000000000000000000e+00 3.036090359091758728e-02 7.272165268659591675e-03 2.123959921300411224e-02 3.395979106426239014e-02 3.669661004096269608e-03
0.000000000000000000e+00 1.939957588911056519e-02 0.000000000000000000e+00 1.881085708737373352e-02 0.000000000000000000e+00 0.000000000000000000e+00 1.142166554927825928e-03 0.000000000000000000e+00
0.000000000000000000e+00 0.000000000000000000e+00 0.000000000000000000e+00 1.250934414565563202e-02 0.000000000000000000e+00 1.155986357480287552e-02 9.789047762751579285e-03 0.000000000000000000e+00
0.000000000000000000e+00 8.996177464723587036e-03 0.000000000000000000e+00 0.000000000000000000e+00 0.000000000000000000e+00 0.000000000000000000e+00 0.000000000000000000e+00 0.000000000000000000e+00
0.000000000000000000e+00 9.060371667146682739e-03 0.000000000000000000e+00 0.000000000000000000e+00 0.000000000000000000e+00 0.000000000000000000e+00 0.000000000000000000e+00 0.000000000000000000e+00
0.000000000000000000e+00 2.071332186460494995e-02 0.000000000000000000e+00 2.971772104501724243e-03 0.000000000000000000e+00 3.156347200274467468e-03 0.000000000000000000e+00 0.000000000000000000e+00
7.401317823678255081e-03 4.730746150016784668e-03 0.000000000000000000e+00 0.000000000000000000e+00 0.000000000000000000e+00 2.959324978291988373e-03 0.000000000000000000e+00 0.000000000000000000e+00
1.708383089862763882e-03 5.395706743001937866e-03 0.000000000000000000e+00 0.000000000000000000e+00 0.000000000000000000e+00 0.000000000000000000e+00 0.000000000000000000e+00 1.239668577909469604e-03
0.000000000000000000e+00 0.000000000000000000e+00 0.000000000000000000e+00 1.141577586531639099e-02 0.000000000000000000e+00 1.201037224382162094e-02 2.754093334078788757e-02 2.912146784365177155e-02
2.025755122303962708e-03 0.000000000000000000e+00 0.000000000000000000e+00 1.065031904727220535e-02 0.000000000000000000e+00 0.000000000000000000e+00 1.487225294113159180e-03 1.610849425196647644e-02
3.973181359469890594e-03 0.000000000000000000e+00 0.000000000000000000e+00 0.000000000000000000e+00 0.000000000000000000e+00 0.000000000000000000e+00 0.000000000000000000e+00 1.685030572116374969e-02
0.000000000000000000e+00 2.501738816499710083e-02 0.000000000000000000e+00 2.525712549686431885e-02 0.000000000000000000e+00 0.000000000000000000e+00 0.000000000000000000e+00 9.471537545323371887e-03
2.225395990535616875e-03 2.938427031040191650e-03 0.000000000000000000e+00 0.000000000000000000e+00 0.000000000000000000e+00 0.000000000000000000e+00 0.000000000000000000e+00 2.939333207905292511e-03
0.000000000000000000e+00 2.077911049127578735e-03 0.000000000000000000e+00 0.000000000000000000e+00 0.000000000000000000e+00 0.000000000000000000e+00 0.000000000000000000e+00 2.133591659367084503e-02
2.972506918013095856e-03 0.000000000000000000e+00 0.000000000000000000e+00 1.558825280517339706e-02 0.000000000000000000e+00 0.000000000000000000e+00 1.781877130270004272e-03 2.073276787996292114e-03
0.000000000000000000e+00 0.000000000000000000e+00 0.000000000000000000e+00 2.310581132769584656e-02 0.000000000000000000e+00 2.735783345997333527e-03 4.127249121665954590e-02 2.332866564393043518e-02
7.493458688259124756e-03 1.446418464183807373e-02 0.000000000000000000e+00 3.472749143838882446e-02 0.000000000000000000e+00 0.000000000000000000e+00 1.269003376364707947e-02 2.843041718006134033e-02
0.000000000000000000e+00 3.077965229749679565e-03 0.000000000000000000e+00 1.793950051069259644e-02 0.000000000000000000e+00 0.000000000000000000e+00 1.986238174140453339e-03 4.405304789543151855e-04
0.000000000000000000e+00 0.000000000000000000e+00 0.000000000000000000e+00 0.000000000000000000e+00 0.000000000000000000e+00 2.209971658885478973e-03 0.000000000000000000e+00 6.621914450079202652e-03
1.991494558751583099e-02 1.090630888938903809e-03 0.000000000000000000e+00 1.011047326028347015e-02 0.000000000000000000e+00 1.049326267093420029e-03 1.963924616575241089e-03 1.768567971885204315e-02
0.000000000000000000e+00 6.534650921821594238e-03 0.000000000000000000e+00 1.276809815317392349e-02 0.000000000000000000e+00 8.794377557933330536e-03 1.163246016949415207e-02 0.000000000000000000e+00
0.000000000000000000e+00 1.164947822690010071e-02 0.000000000000000000e+00 1.588277518749237061e-05 0.000000000000000000e+00 0.000000000000000000e+00 0.000000000000000000e+00 0.000000000000000000e+00
1.405201852321624756e-03 4.604421555995941162e-03 0.000000000000000000e+00 0.000000000000000000e+00 0.000000000000000000e+00 0.000000000000000000e+00 0.000000000000000000e+00 0.000000000000000000e+00
1.319134980440139771e-02 0.000000000000000000e+00 0.000000000000000000e+00 2.697658911347389221e-02 0.000000000000000000e+00 0.000000000000000000e+00 0.000000000000000000e+00 1.236323267221450806e-03
1.339685916900634766e-02 1.449947059154510498e-02 0.000000000000000000e+00 0.000000000000000000e+00 0.000000000000000000e+00 7.967181503772735596e-03 0.000000000000000000e+00 1.872249133884906769e-02
1.692568697035312653e-02 0.000000000000000000e+00 0.000000000000000000e+00 1.055739074945449829e-02 0.000000000000000000e+00 9.716437198221683502e-03 9.588371962308883667e-03 2.604862488806247711e-02
0.000000000000000000e+00 3.735173493623733521e-03 0.000000000000000000e+00 9.896367788314819336e-03 0.000000000000000000e+00 0.000000000000000000e+00 2.178784459829330444e-03 5.187245085835456848e-03
1.064997445791959763e-02 7.538326084613800049e-03 0.000000000000000000e+00 2.194134332239627838e-02 0.000000000000000000e+00 0.000000000000000000e+00 0.000000000000000000e+00 0.000000000000000000e+00
6.502708420157432556e-04 2.452418208122253418e-03 0.000000000000000000e+00 7.448531687259674072e-04 0.000000000000000000e+00 0.000000000000000000e+00 0.000000000000000000e+00 0.000000000000000000e+00
0.000000000000000000e+00 2.761062234640121460e-03 0.000000000000000000e+00 2.509211190044879913e-03 0.000000000000000000e+00 0.000000000000000000e+00 0.000000000000000000e+00 1.323578879237174988e-03
0.000000000000000000e+00 1.058872416615486145e-02 0.000000000000000000e+00 0.000000000000000000e+00 0.000000000000000000e+00 0.000000000000000000e+00 0.000000000000000000e+00 0.000000000000000000e+00
0.000000000000000000e+00 2.209631726145744324e-02 0.000000000000000000e+00 3.375447914004325867e-02 0.000000000000000000e+00 2.166826277971267700e-03 2.580775693058967590e-02 2.050790935754776001e-02
0.000000000000000000e+00 2.074100077152252197e-03 0.000000000000000000e+00 0.000000000000000000e+00 0.000000000000000000e+00 0.000000000000000000e+00 0.000000000000000000e+00 1.348582468926906586e-02
7.683434989303350449e-03 2.502199262380599976e-03 0.000000000000000000e+00 2.352508716285228729e-03 0.000000000000000000e+00 0.000000000000000000e+00 0.000000000000000000e+00 2.484926953911781311e-03
7.572812959551811218e-03 5.456142127513885498e-03 0.000000000000000000e+00 0.000000000000000000e+00 1.459829509258270264e-04 1.307605113834142685e-02 0.000000000000000000e+00 1.390123739838600159e-03
0.000000000000000000e+00 0.000000000000000000e+00 0.000000000000000000e+00 1.582871563732624054e-02 0.000000000000000000e+00 7.256918586790561676e-03 2.906172536313533783e-02 7.683419156819581985e-03
0.000000000000000000e+00 4.282966256141662598e-03 0.000000000000000000e+00 0.000000000000000000e+00 0.000000000000000000e+00 8.824446238577365875e-03 0.000000000000000000e+00 4.191223066300153732e-03
2.564303576946258545e-05 1.161110773682594299e-02 0.000000000000000000e+00 2.185101807117462158e-02 0.000000000000000000e+00 0.000000000000000000e+00 0.000000000000000000e+00 0.000000000000000000e+00
1.512001827359199524e-02 1.676529645919799805e-04 0.000000000000000000e+00 1.971905492246150970e-02 0.000000000000000000e+00 0.000000000000000000e+00 0.000000000000000000e+00 0.000000000000000000e+00
1.258566696196794510e-02 1.500550657510757446e-03 0.000000000000000000e+00 0.000000000000000000e+00 0.000000000000000000e+00 7.015699520707130432e-04 0.000000000000000000e+00 1.234861370176076889e-02
0.000000000000000000e+00 6.054840981960296631e-03 0.000000000000000000e+00 4.589000716805458069e-03 0.000000000000000000e+00 5.890999455004930496e-03 0.000000000000000000e+00 0.000000000000000000e+00
0.000000000000000000e+00 7.089018821716308594e-03 0.000000000000000000e+00 1.674013212323188782e-02 0.000000000000000000e+00 0.000000000000000000e+00 0.000000000000000000e+00 0.000000000000000000e+00
0.000000000000000000e+00 9.710997343063354492e-03 0.000000000000000000e+00 1.773674413561820984e-02 0.000000000000000000e+00 0.000000000000000000e+00 0.000000000000000000e+00 0.000000000000000000e+00
0.000000000000000000e+00 0.000000000000000000e+00 0.000000000000000000e+00 0.000000000000000000e+00 0.000000000000000000e+00 7.779748179018497467e-03 0.000000000000000000e+00 3.740889951586723328e-03
0.000000000000000000e+00 1.068070530891418457e-03 0.000000000000000000e+00 1.899902522563934326e-02 0.000000000000000000e+00 7.120613008737564087e-04 0.000000000000000000e+00 0.000000000000000000e+00
1.116697676479816437e-02 3.331542015075683594e-03 0.000000000000000000e+00 6.520207040011882782e-03 0.000000000000000000e+00 2.707691863179206848e-03 4.043761640787124634e-03 6.999745033681392670e-03
0.000000000000000000e+00 1.483649015426635742e-03 0.000000000000000000e+00 1.401258632540702820e-02 0.000000000000000000e+00 0.000000000000000000e+00 0.000000000000000000e+00 0.000000000000000000e+00
5.916690453886985779e-03 6.582416594028472900e-03 0.000000000000000000e+00 2.734909765422344208e-02 0.000000000000000000e+00 0.000000000000000000e+00 0.000000000000000000e+00 1.070493087172508240e-02
1.104088779538869858e-02 1.853596419095993042e-03 0.000000000000000000e+00 0.000000000000000000e+00 0.000000000000000000e+00 1.345055177807807922e-03 0.000000000000000000e+00 1.273578591644763947e-02
0.000000000000000000e+00 6.999541074037551880e-03 0.000000000000000000e+00 9.109698235988616943e-03 0.000000000000000000e+00 0.000000000000000000e+00 0.000000000000000000e+00 7.137939333915710449e-03
4.791803658008575439e-03 1.518182456493377686e-03 0.000000000000000000e+00 2.007321454584598541e-02 0.000000000000000000e+00 0.000000000000000000e+00 0.000000000000000000e+00 0.000000000000000000e+00
4.981702659279108047e-03 2.650372684001922607e-03 0.000000000000000000e+00 0.000000000000000000e+00 0.000000000000000000e+00 0.000000000000000000e+00 0.000000000000000000e+00 0.000000000000000000e+00
0.000000000000000000e+00 0.000000000000000000e+00 0.000000000000000000e+00 0.000000000000000000e+00 0.000000000000000000e+00 1.956638181582093239e-03 0.000000000000000000e+00 7.285139523446559906e-03
8.765338920056819916e-03 0.000000000000000000e+00 0.000000000000000000e+00 2.061309292912483215e-03 0.000000000000000000e+00 0.000000000000000000e+00 0.000000000000000000e+00 1.876321434974670410e-02
0.000000000000000000e+00 2.515502274036407471e-04 0.000000000000000000e+00 0.000000000000000000e+00 0.000000000000000000e+00 4.213894717395305634e-03 0.000000000000000000e+00 1.677140593528747559e-03
0.000000000000000000e+00 0.000000000000000000e+00 0.000000000000000000e+00 2.307544462382793427e-03 0.000000000000000000e+00 4.217371810227632523e-03 0.000000000000000000e+00 6.647706031799316406e-03
4.158364608883857727e-03 2.739086747169494629e-03 0.000000000000000000e+00 1.736473664641380310e-02 0.000000000000000000e+00 0.000000000000000000e+00 0.000000000000000000e+00 0.000000000000000000e+00
0.000000000000000000e+00 0.000000000000000000e+00 0.000000000000000000e+00 0.000000000000000000e+00 0.000000000000000000e+00 1.547709386795759201e-02 7.242955267429351807e-03 1.292267814278602600e-02
4.023524001240730286e-03 1.033172011375427246e-04 0.000000000000000000e+00 5.239890888333320618e-03 0.000000000000000000e+00 4.026010632514953613e-03 0.000000000000000000e+00 5.830111913383007050e-03
0.000000000000000000e+00 9.399808943271636963e-03 0.000000000000000000e+00 0.000000000000000000e+00 0.000000000000000000e+00 0.000000000000000000e+00 0.000000000000000000e+00 0.000000000000000000e+00
1.605877839028835297e-02 0.000000000000000000e+00 0.000000000000000000e+00 3.161872923374176025e-02 0.000000000000000000e+00 0.000000000000000000e+00 0.000000000000000000e+00 0.000000000000000000e+00
1.631107181310653687e-03 1.837216317653656006e-03 0.000000000000000000e+00 0.000000000000000000e+00 0.000000000000000000e+00 0.000000000000000000e+00 0.000000000000000000e+00 0.000000000000000000e+00
0.000000000000000000e+00 0.000000000000000000e+00 0.000000000000000000e+00 1.997424289584159851e-03 0.000000000000000000e+00 4.276602528989315033e-03 0.000000000000000000e+00 4.355638287961483002e-03
1.087222248315811157e-03 1.944079995155334473e-03 0.000000000000000000e+00 9.545633569359779358e-03 0.000000000000000000e+00 0.000000000000000000e+00 0.000000000000000000e+00 0.000000000000000000e+00
0.000000000000000000e+00 0.000000000000000000e+00 0.000000000000000000e+00 8.217150345444679260e-03 0.000000000000000000e+00 3.464073408395051956e-03 5.423287861049175262e-03 1.044065505266189575e-02
9.546996094286441803e-03 8.354179561138153076e-03 0.000000000000000000e+00 6.538519635796546936e-03 0.000000000000000000e+00 0.000000000000000000e+00 0.000000000000000000e+00 1.107185240834951401e-02
0.000000000000000000e+00 0.000000000000000000e+00 0.000000000000000000e+00 0.000000000000000000e+00 0.000000000000000000e+00 8.113195188343524933e-03 8.342406712472438812e-03 2.284296974539756775e-02
0.000000000000000000e+00 6.845172494649887085e-03 0.000000000000000000e+00 0.000000000000000000e+00 0.000000000000000000e+00 1.089610718190670013e-02 0.000000000000000000e+00 5.699559580534696579e-03
0.000000000000000000e+00 8.584432303905487061e-03 0.000000000000000000e+00 6.398154422640800476e-03 0.000000000000000000e+00 0.000000000000000000e+00 0.000000000000000000e+00 0.000000000000000000e+00
5.530545022338628769e-03 4.253711551427841187e-03 0.000000000000000000e+00 1.395704690366983414e-03 0.000000000000000000e+00 5.698819644749164581e-03 0.000000000000000000e+00 1.026876084506511688e-02
9.179485961794853210e-03 5.966141819953918457e-03 0.000000000000000000e+00 0.000000000000000000e+00 0.000000000000000000e+00 0.000000000000000000e+00 0.000000000000000000e+00 0.000000000000000000e+00
4.689716733992099762e-03 2.112314105033874512e-04 0.000000000000000000e+00 0.000000000000000000e+00 0.000000000000000000e+00 1.112991012632846832e-03 0.000000000000000000e+00 1.020023785531520844e-02
3.195648081600666046e-03 5.316533148288726807e-03 0.000000000000000000e+00 1.914440654218196869e-02 0.000000000000000000e+00 0.000000000000000000e+00 0.000000000000000000e+00 0.000000000000000000e+00
7.798286154866218567e-03 8.907373994588851929e-03 0.000000000000000000e+00 1.205002143979072571e-02 0.000000000000000000e+00 5.484048277139663696e-03 1.257678493857383728e-03 6.218261085450649261e-03
3.676528111100196838e-03 0.000000000000000000e+00 0.000000000000000000e+00 1.485923398286104202e-02 0.000000000000000000e+00 3.404530696570873260e-03 0.000000000000000000e+00 0.000000000000000000e+00
2.307375892996788025e-03 3.074593842029571533e-03 0.000000000000000000e+00 1.123148202896118164e-02 0.000000000000000000e+00 6.506589241325855255e-03 1.534673571586608887e-02 2.720747329294681549e-02
2.143222838640213013e-03 3.160957247018814087e-03 0.000000000000000000e+00 0.000000000000000000e+00 0.000000000000000000e+00 9.425625205039978027e-03 0.000000000000000000e+00 0.000000000000000000e+00
4.071834497153759003e-03 0.000000000000000000e+00 0.000000000000000000e+00 1.129749976098537445e-02 0.000000000000000000e+00 0.000000000000000000e+00 2.112824469804763794e-03 1.875896938145160675e-02
1.213754154741764069e-02 0.000000000000000000e+00 0.000000000000000000e+00 0.000000000000000000e+00 0.000000000000000000e+00 0.000000000000000000e+00 0.000000000000000000e+00 1.385693065822124481e-02
0.000000000000000000e+00 0.000000000000000000e+00 0.000000000000000000e+00 0.000000000000000000e+00 0.000000000000000000e+00 7.594039663672447205e-03 0.000000000000000000e+00 3.097907640039920807e-03
0.000000000000000000e+00 9.185601025819778442e-03 0.000000000000000000e+00 0.000000000000000000e+00 0.000000000000000000e+00 0.000000000000000000e+00 0.000000000000000000e+00 0.000000000000000000e+00
5.279981531202793121e-03 0.000000000000000000e+00 0.000000000000000000e+00 1.296240650117397308e-02 0.000000000000000000e+00 0.000000000000000000e+00 6.888790056109428406e-03 1.401920337229967117e-02
0.000000000000000000e+00 4.899401217699050903e-03 0.000000000000000000e+00 2.777174860239028931e-02 0.000000000000000000e+00 7.487925700843334198e-03 0.000000000000000000e+00 0.000000000000000000e+00
1.523642800748348236e-03 4.854895174503326416e-03 0.000000000000000000e+00 9.614852257072925568e-03 0.000000000000000000e+00 0.000000000000000000e+00 0.000000000000000000e+00 0.000000000000000000e+00
0.000000000000000000e+00 1.114190742373466492e-02 0.000000000000000000e+00 1.258972473442554474e-02 0.000000000000000000e+00 9.686883538961410522e-03 7.709015160799026489e-03 8.691752329468727112e-03
0.000000000000000000e+00 0.000000000000000000e+00 0.000000000000000000e+00 3.127706423401832581e-02 0.000000000000000000e+00 0.000000000000000000e+00 3.663407266139984131e-02 3.730272501707077026e-02
4.356056451797485352e-04 1.001842319965362549e-03 0.000000000000000000e+00 1.145403366535902023e-02 0.000000000000000000e+00 0.000000000000000000e+00 0.000000000000000000e+00 0.000000000000000000e+00
3.718373831361532211e-03 9.632483124732971191e-03 0.000000000000000000e+00 4.768892191350460052e-03 0.000000000000000000e+00 0.000000000000000000e+00 0.000000000000000000e+00 0.000000000000000000e+00
0.000000000000000000e+00 4.136553034186363220e-03 0.000000000000000000e+00 4.011656157672405243e-03 0.000000000000000000e+00 3.421604167670011520e-03 0.000000000000000000e+00 0.000000000000000000e+00
0.000000000000000000e+00 7.893223315477371216e-03 0.000000000000000000e+00 0.000000000000000000e+00 0.000000000000000000e+00 5.101085640490055084e-03 0.000000000000000000e+00 0.000000000000000000e+00
0.000000000000000000e+00 5.864776670932769775e-03 0.000000000000000000e+00 0.000000000000000000e+00 0.000000000000000000e+00 9.492528624832630157e-03 0.000000000000000000e+00 0.000000000000000000e+00
8.933698758482933044e-03 0.000000000000000000e+00 0.000000000000000000e+00 2.418361604213714600e-02 0.000000000000000000e+00 1.029065903276205063e-02 1.135594770312309265e-02 3.103791922330856323e-02
2.267784439027309418e-04 4.352673888206481934e-03 0.000000000000000000e+00 8.468044921755790710e-03 0.000000000000000000e+00 0.000000000000000000e+00 0.000000000000000000e+00 0.000000000000000000e+00
0.000000000000000000e+00 1.740456372499465942e-02 0.000000000000000000e+00 3.691175952553749084e-02 0.000000000000000000e+00 9.196520783007144928e-03 2.139683626592159271e-02 0.000000000000000000e+00
0.000000000000000000e+00 1.508947461843490601e-03 0.000000000000000000e+00 4.581226967275142670e-03 0.000000000000000000e+00 1.455726567655801773e-03 2.653971314430236816e-04 0.000000000000000000e+00
0.000000000000000000e+00 1.339507102966308594e-02 0.000000000000000000e+00 1.319753006100654602e-02 0.000000000000000000e+00 1.071387808769941330e-02 6.021147593855857849e-03 7.642854005098342896e-03
6.574529223144054413e-03 2.826996147632598877e-03 0.000000000000000000e+00 4.861121997237205505e-04 0.000000000000000000e+00 0.000000000000000000e+00 0.000000000000000000e+00 1.339065842330455780e-03
9.805430658161640167e-03 2.046085894107818604e-03 0.000000000000000000e+00 0.000000000000000000e+00 0.000000000000000000e+00 2.084433566778898239e-03 0.000000000000000000e+00 1.624273881316184998e-02
0.000000000000000000e+00 5.442567169666290283e-03 0.000000000000000000e+00 1.178612932562828064e-03 0.000000000000000000e+00 9.718672372400760651e-04 0.000000000000000000e+00 0.000000000000000000e+00
1.749489083886146545e-02 0.000000000000000000e+00 0.000000000000000000e+00 0.000000000000000000e+00 0.000000000000000000e+00 0.000000000000000000e+00 2.367965877056121826e-03 5.276110023260116577e-03
0.000000000000000000e+00 1.018573716282844543e-02 0.000000000000000000e+00 0.000000000000000000e+00 0.000000000000000000e+00 3.084499388933181763e-03 0.000000000000000000e+00 0.000000000000000000e+00
7.857996970415115356e-03 0.000000000000000000e+00 0.000000000000000000e+00 1.314271986484527588e-02 0.000000000000000000e+00 9.981002658605575562e-04 4.384636878967285156e-03 1.067419350147247314e-02
6.926814094185829163e-04 0.000000000000000000e+00 0.000000000000000000e+00 1.587645523250102997e-02 0.000000000000000000e+00 2.272562123835086823e-04 1.207496598362922668e-02 1.787699386477470398e-02
3.721643239259719849e-03 9.943917393684387207e-03 0.000000000000000000e+00 8.260518312454223633e-03 0.000000000000000000e+00 0.000000000000000000e+00 0.000000000000000000e+00 2.573450095951557159e-03
1.697547035291790962e-03 4.362173378467559814e-03 0.000000000000000000e+00 0.000000000000000000e+00 0.000000000000000000e+00 4.035336896777153015e-04 0.000000000000000000e+00 2.288067713379859924e-03
0.000000000000000000e+00 1.014344394207000732e-03 0.000000000000000000e+00 6.939995102584362030e-03 0.000000000000000000e+00 7.414088118821382523e-03 1.495378091931343079e-04 3.251966089010238647e-03
1.650717575103044510e-03 7.962130010128021240e-03 0.000000000000000000e+00 0.000000000000000000e+00 0.000000000000000000e+00 8.119883015751838684e-03 0.000000000000000000e+00 0.000000000000000000e+00
1.270132232457399368e-02 0.000000000000000000e+00 0.000000000000000000e+00 1.162302307784557343e-02 0.000000000000000000e+00 5.737415514886379242e-03 0.000000000000000000e+00 8.401663973927497864e-03
1.130757853388786316e-02 1.193754374980926514e-03 0.000000000000000000e+00 8.164651691913604736e-03 0.000000000000000000e+00 1.226014737039804459e-02 0.000000000000000000e+00 4.637460224330425262e-03
0.000000000000000000e+00 5.798581987619400024e-03 0.000000000000000000e+00 0.000000000000000000e+00 0.000000000000000000e+00 1.481600105762481689e-03 0.000000000000000000e+00 0.000000000000000000e+00
0.000000000000000000e+00 7.819138467311859131e-03 0.000000000000000000e+00 0.000000000000000000e+00 0.000000000000000000e+00 4.270860925316810608e-03 0.000000000000000000e+00 0.000000000000000000e+00
0.000000000000000000e+00 7.758207619190216064e-03 0.000000000000000000e+00 0.000000000000000000e+00 1.763809472322463989e-03 6.181775126606225967e-03 0.000000000000000000e+00 1.421196665614843369e-02
0.000000000000000000e+00 0.000000000000000000e+00 0.000000000000000000e+00 1.016643457114696503e-02 0.000000000000000000e+00 1.729378476738929749e-03 0.000000000000000000e+00 0.000000000000000000e+00
1.077769789844751358e-02 1.129563152790069580e-02 0.000000000000000000e+00 1.144729740917682648e-02 0.000000000000000000e+00 6.070046219974756241e-03 4.169406369328498840e-03 6.167090497910976410e-03
7.629920728504657745e-04 5.914319306612014771e-03 0.000000000000000000e+00 4.916750825941562653e-03 0.000000000000000000e+00 0.000000000000000000e+00 0.000000000000000000e+00 0.000000000000000000e+00
3.381432034075260162e-03 5.777001380920410156e-03 0.000000000000000000e+00 2.919948659837245941e-03 0.000000000000000000e+00 0.000000000000000000e+00 0.000000000000000000e+00 0.000000000000000000e+00
5.466999486088752747e-03 6.521895527839660645e-03 0.000000000000000000e+00 1.820903643965721130e-02 0.000000000000000000e+00 0.000000000000000000e+00 0.000000000000000000e+00 0.000000000000000000e+00
0.000000000000000000e+00 7.146939635276794434e-03 0.000000000000000000e+00 1.201301068067550659e-02 0.000000000000000000e+00 7.680294103920459747e-03 9.236291050910949707e-03 1.255491282790899277e-02
0.000000000000000000e+00 1.423579081892967224e-02 0.000000000000000000e+00 4.845730960369110107e-03 0.000000000000000000e+00 0.000000000000000000e+00 0.000000000000000000e+00 1.211049221456050873e-02
0.000000000000000000e+00 1.505517959594726562e-02 0.000000000000000000e+00 2.152194827795028687e-02 0.000000000000000000e+00 0.000000000000000000e+00 2.385452389717102051e-04 0.000000000000000000e+00
3.386360127478837967e-03 0.000000000000000000e+00 0.000000000000000000e+00 1.767328009009361267e-02 0.000000000000000000e+00 0.000000000000000000e+00 5.723088979721069336e-03 6.224674172699451447e-03
0.000000000000000000e+00 1.662593334913253784e-03 0.000000000000000000e+00 4.569161683320999146e-04 0.000000000000000000e+00 4.189238883554935455e-03 0.000000000000000000e+00 0.000000000000000000e+00
0.000000000000000000e+00 1.494565606117248535e-02 0.000000000000000000e+00 9.881667792797088623e-04 0.000000000000000000e+00 0.000000000000000000e+00 0.000000000000000000e+00 1.173143088817596436e-02
0.000000000000000000e+00 5.376081913709640503e-03 0.000000000000000000e+00 1.877187937498092651e-02 0.000000000000000000e+00 0.000000000000000000e+00 0.000000000000000000e+00 5.239009857177734375e-03
0.000000000000000000e+00 0.000000000000000000e+00 0.000000000000000000e+00 4.140008240938186646e-02 0.000000000000000000e+00 0.000000000000000000e+00 3.819208219647407532e-02 3.438432514667510986e-02
0.000000000000000000e+00 7.534965872764587402e-03 0.000000000000000000e+00 0.000000000000000000e+00 1.764673739671707153e-03 5.057226400822401047e-03 0.000000000000000000e+00 1.197581645101308823e-02
5.707427859306335449e-03 4.033103585243225098e-03 0.000000000000000000e+00 0.000000000000000000e+00 0.000000000000000000e+00 0.000000000000000000e+00 0.000000000000000000e+00 0.000000000000000000e+00
0.000000000000000000e+00 0.000000000000000000e+00 0.000000000000000000e+00 1.747435890138149261e-03 0.000000000000000000e+00 1.096486113965511322e-02 0.000000000000000000e+00 1.945106312632560730e-03
8.694054558873176575e-04 2.763099968433380127e-03 0.000000000000000000e+00 1.432149857282638550e-02 0.000000000000000000e+00 0.000000000000000000e+00 1.105900853872299194e-03 0.000000000000000000e+00
